name: deepface
channels:
  - conda-forge
  - defaults
dependencies:
  - _libgcc_mutex=0.1=conda_forge
  - _openmp_mutex=4.5=2_gnu
  - asttokens=2.4.1=pyhd8ed1ab_0
  - bzip2=1.0.8=h4bc722e_7
  - ca-certificates=2024.9.24=h06a4308_0
  - comm=0.2.2=pyhd8ed1ab_1
  - debugpy=1.8.7=py310hf71b8c6_0
  - decorator=5.1.1=pyhd8ed1ab_1
  - exceptiongroup=1.2.2=pyhd8ed1ab_1
  - executing=2.1.0=pyhd8ed1ab_1
  - importlib-metadata=8.5.0=pyha770c72_1
  - ipykernel=6.29.5=pyh3099207_0
  - ipython=8.28.0=pyh707e725_0
  - jedi=0.19.1=pyhd8ed1ab_0
  - jupyter_client=8.6.3=pyhd8ed1ab_1
  - jupyter_core=5.7.2=pyh31011fe_1
  - krb5=1.21.3=h143b758_0
  - ld_impl_linux-64=2.40=hf3520f5_7
  - libedit=3.1.20230828=h5eee18b_0
  - libffi=3.4.4=h6a678d5_1
  - libgcc=14.2.0=h767d61c_2
  - libgcc-ng=14.2.0=h69a702a_2
  - libgomp=14.2.0=h767d61c_2
  - libsodium=1.0.20=h4ab18f5_0
  - libsqlite=3.45.3=h2797004_0
  - libstdcxx=14.2.0=h8f9b012_2
  - libstdcxx-ng=11.2.0=he4da1e4_16
  - libuuid=1.41.5=h5eee18b_0
  - libzlib=1.2.13=h4ab18f5_6
  - matplotlib-inline=0.1.7=pyhd8ed1ab_1
  - ncurses=6.4.20240210=h59595ed_0
  - nest-asyncio=1.6.0=pyhd8ed1ab_1
  - openssl=3.3.2=hb9d3cd8_0
  - packaging=24.1=pyhd8ed1ab_0
  - parso=0.8.4=pyhd8ed1ab_1
  - pexpect=4.9.0=pyhd8ed1ab_1
  - pickleshare=0.7.5=pyhd8ed1ab_1004
  - pip=24.2=pyh8b19718_1
  - platformdirs=4.3.6=pyhd8ed1ab_1
  - prompt-toolkit=3.0.48=pyha770c72_1
  - psutil=6.0.0=py310ha75aee5_2
  - ptyprocess=0.7.0=pyhd8ed1ab_1
  - pure_eval=0.2.3=pyhd8ed1ab_1
  - pygments=2.18.0=pyhd8ed1ab_1
  - python=3.10.15=he870216_1
  - python-dateutil=2.9.0.post0=pyhff2d567_1
  - python_abi=3.10=2_cp310
  - pyzmq=26.2.0=py310h71f11fc_3
  - readline=8.2=h8228510_1
  - setuptools=75.1.0=pyhd8ed1ab_0
  - six=1.16.0=pyhd8ed1ab_1
  - sqlite=3.45.3=h2c6b66d_0
  - stack_data=0.6.2=pyhd8ed1ab_0
  - tk=8.6.14=h39e8969_0
  - tornado=6.4.1=py310ha75aee5_1
  - traitlets=5.14.3=pyhd8ed1ab_1
  - typing_extensions=4.12.2=pyha770c72_1
  - tzdata=2024b=hc8b5060_0
  - wcwidth=0.2.13=pyhd8ed1ab_1
  - wheel=0.44.0=pyhd8ed1ab_0
  - xz=5.4.6=h5eee18b_1
  - zeromq=4.3.5=h3b0a872_7
  - zipp=3.20.2=pyhd8ed1ab_0
  - zlib=1.2.13=h4ab18f5_6
  - pip:
      - absl-py==2.1.0
      - beautifulsoup4==4.12.3
      - blinker==1.8.2
      - certifi==2024.8.30
      - click==8.1.7
      - contourpy==1.3.0
      - cycler==0.12.1
      - deepface==0.0.93
      - filelock==3.16.1
      - flask==3.0.3
      - flask-cors==5.0.0
      - flatbuffers==24.3.25
      - fonttools==4.54.1
      - grpcio==1.66.2
      - h5py==3.12.1
      - idna==3.10
      - jinja2==3.1.4
      - keras==3.6.0
      - kiwisolver==1.4.7
      - lz4==4.3.3
      - markdown-it-py==3.0.0
      - markupsafe==3.0.0
      - matplotlib==3.9.2
      - mdurl==0.1.2
      - ml-dtypes==0.4.1
      - namex==0.0.8
      - numpy==1.26.4
      - nvidia-cublas-cu12==12.3.4.1
      - nvidia-cuda-cupti-cu12==12.3.101
      - nvidia-cuda-nvcc-cu12==12.3.107
      - nvidia-cuda-nvrtc-cu12==12.3.107
      - nvidia-cuda-runtime-cu12==12.3.101
      - nvidia-cudnn-cu12==8.9.7.29
      - nvidia-cufft-cu12==11.0.12.1
      - nvidia-curand-cu12==10.3.4.107
      - nvidia-cusolver-cu12==11.5.4.101
      - nvidia-cusparse-cu12==12.2.0.103
      - nvidia-nccl-cu12==2.19.3
      - nvidia-nvjitlink-cu12==12.3.101
      - opencv-python==4.10.0.84
      - optree==0.13.0
      - pillow==10.4.0
      - protobuf==4.25.5
      - pyparsing==3.1.4
      - pytz==2024.2
      - rich==13.9.2
      - scipy==1.14.1
      - seaborn==0.13.2
      - sympy==1.13.3
      - tensorboard==2.17.1
      - tensorflow==2.17.0
      - tf-keras==2.17.0
      - urllib3==2.2.3
      - werkzeug==3.0.4
      - wrapt==1.16.0
prefix: /home/ubuntu/miniconda3/envs/deepface
